name: alignments_env
channels:
  - bioconda
  - defaults
dependencies:
  - _libgcc_mutex=0.1=main
  - _openmp_mutex=5.1=1_gnu
  - blas=1.0=mkl
  - blast=2.12.0=pl5262h3289130_0
  - bowtie=1.0.0=1
  - bowtie2=2.4.1=py38he513fc3_0
  - bzip2=1.0.8=h7b6447c_0
  - c-ares=1.19.1=h5eee18b_0
  - ca-certificates=2024.3.11=h06a4308_0
  - clustalo=1.2.3=0
  - curl=7.87.0=h5eee18b_0
  - dbus=1.13.18=hb2f20db_0
  - entrez-direct=16.2=he881be0_1
  - expat=2.5.0=h6a678d5_0
  - freetype=2.12.1=h4a9f257_0
  - glib=2.69.1=h4ff587b_1
  - hmmer=3.3.2=h87f3376_2
  - htslib=1.13=h9093b5e_0
  - intel-openmp=2021.4.0=h06a4308_3561
  - kmer-jellyfish=2.3.0=h9f5acd7_3
  - krb5=1.19.2=hac12032_0
  - ld_impl_linux-64=2.38=h1181459_1
  - libcurl=7.87.0=h91b91d3_0
  - libdeflate=1.17=h5eee18b_1
  - libedit=3.1.20210714=h7f8727e_0
  - libev=4.33=h7f8727e_1
  - libffi=3.3=he6710b0_2
  - libgcc-ng=11.2.0=h1234567_1
  - libgomp=11.2.0=h1234567_1
  - libidn2=2.3.4=h5eee18b_0
  - libnghttp2=1.52.0=ha637b67_1
  - libpng=1.6.39=h5eee18b_0
  - libssh2=1.10.0=h37d81fd_2
  - libstdcxx-ng=11.2.0=h1234567_1
  - libunistring=0.9.10=h27cfd23_0
  - libxcb=1.15=h7f8727e_0
  - mkl=2021.4.0=h06a4308_640
  - mkl-service=2.4.0=py38h7f8727e_0
  - mkl_fft=1.3.1=py38hd3c417c_0
  - mkl_random=1.2.2=py38h51133e4_0
  - muscle=5.1=h9f5acd7_1
  - ncurses=6.2=he6710b0_1
  - numpy=1.24.3=py38h14f4228_0
  - numpy-base=1.24.3=py38h31eccc5_0
  - openjdk=11.0.13=h87a67e3_0
  - openssl=1.1.1w=h7f8727e_0
  - pcre=8.45=h295c915_0
  - perl=5.26.2=h14c3975_0
  - perl-archive-tar=2.32=pl526_0
  - perl-carp=1.38=pl526_3
  - perl-common-sense=3.74=pl526_2
  - perl-compress-raw-bzip2=2.087=pl526he1b5a44_0
  - perl-compress-raw-zlib=2.087=pl526hc9558a2_0
  - perl-exporter=5.72=pl526_1
  - perl-exporter-tiny=1.002001=pl526_0
  - perl-extutils-makemaker=7.36=pl526_1
  - perl-io-compress=2.087=pl526he1b5a44_0
  - perl-io-zlib=1.10=pl526_2
  - perl-json=4.02=pl526_0
  - perl-json-xs=2.34=pl526h6bb024c_3
  - perl-list-moreutils=0.428=pl526_1
  - perl-list-moreutils-xs=0.428=pl526_0
  - perl-pathtools=3.75=pl526h14c3975_1
  - perl-scalar-list-utils=1.52=pl526h516909a_0
  - perl-types-serialiser=1.0=pl526_2
  - perl-xsloader=0.24=pl526_0
  - pip=23.3.1=py38h06a4308_0
  - python=3.8.12=h12debd9_0
  - readline=8.1=h27cfd23_0
  - salmon=0.14.2=ha0cc327_0
  - samtools=1.13=h8c37831_0
  - setuptools=68.2.2=py38h06a4308_0
  - six=1.16.0=pyhd3eb1b0_1
  - sqlite=3.40.1=h5082296_0
  - tbb=2020.3=hfd86e86_0
  - tk=8.6.12=h1ccaba5_0
  - translatorx=1.1=2
  - trimal=1.4.1=h9f5acd7_6
  - trimmomatic=0.39=hdfd78af_2
  - trinity=2.9.1=h8b12597_0
  - wget=1.21.4=h91b91d3_1
  - wheel=0.41.2=py38h06a4308_0
  - xz=5.2.10=h5eee18b_1
  - zlib=1.2.13=h5eee18b_0
  - pip:
      - biopython==1.83
prefix: /home/PERSONALE/filippo.nicolini6/anaconda3/envs/mamba_env/envs/alignments_env
